Trial>> A = [13,5,10;18,9,5;3,17,10]

A =

    13     5    10
    18     9     5
     3    17    10

Trial>> D = det(A)

D =

        2030
